MYSQL_1 0 2.7647999999999997 1
MYSQL_1 1 0.8119999999999999 1
MYSQL_1 2 1.116 1
MYSQL_1 3 3.2711999999999994 1
MYSQL_1 4 0.9279999999999999 1
MYSQL_1 5 1.2 1
MYSQL_1 6 4.3168 1
MYSQL_1 7 1.0976000000000001 1
MYSQL_1 8 1.416 1
MYSQL_1 9 5.3016 1
MYSQL_1 10 1.3456 1
MYSQL_1 11 1.6320000000000001 1
MYSQL_1 12 6.316800000000001 1
MYSQL_1 13 1.5544 1
MYSQL_1 14 1.8479999999999999 1
MYSQL_1 15 4.6575999999999995 1
MYSQL_1 16 1.2064 1
MYSQL_1 17 1.5376 1
MYSQL_1 18 5.1888 1
MYSQL_1 19 1.3679999999999999 1
MYSQL_1 20 1.7152 1
MYSQL_1 21 6.16 1
MYSQL_1 22 1.5312 1
MYSQL_1 23 1.9456 1
MYSQL_1 24 7.3216 1
MYSQL_1 25 1.8599999999999999 1
MYSQL_1 26 2.108 1
MYSQL_1 27 8.234399999999999 1
MYSQL_1 28 1.9487999999999999 1
MYSQL_1 29 2.3312 1
MYSQL_1 30 8.122399999999999 1
MYSQL_1 31 2.0336 1
MYSQL_1 32 2.3552 1
MYSQL_1 33 8.815999999999999 1
MYSQL_1 34 2.088 1
MYSQL_1 35 2.4055999999999997 1
MYSQL_1 36 9.655999999999999 1
MYSQL_1 37 2.2272 1
MYSQL_1 38 2.7136 1
MYSQL_1 39 10.678399999999998 1
MYSQL_1 40 2.52 1
MYSQL_1 41 2.852 1
MYSQL_1 42 11.8656 1
MYSQL_1 43 2.8272 1
MYSQL_1 44 3.0752 1
MYSQL_1 45 15.901599999999998 1
MYSQL_1 46 3.4799999999999995 1
MYSQL_1 47 3.968 1
MYSQL_1 48 16.3584 1
MYSQL_1 49 3.5959999999999996 1
MYSQL_1 50 3.9599999999999995 1
MYSQL_1 51 17.3808 1
MYSQL_1 52 4.0672 1
MYSQL_1 53 4.3152 1
MYSQL_1 54 18.403200000000002 1
MYSQL_1 55 4.152 1
MYSQL_1 56 4.5384 1
MYSQL_1 57 19.2888 1
MYSQL_1 58 4.5136 1
MYSQL_1 59 4.7616 1
MYSQL_1 60 23.349599999999995 1
MYSQL_1 61 5.0576 1
MYSQL_1 62 5.4719999999999995 1
MYSQL_1 63 24.2528 1
MYSQL_1 64 5.351999999999999 1
MYSQL_1 65 5.7784 1
MYSQL_1 66 25.636 1
MYSQL_1 67 5.3824 1
MYSQL_1 68 6.0016 1
MYSQL_1 69 25.943999999999996 1
MYSQL_1 70 5.5912 1
MYSQL_1 71 6.224799999999999 1
MYSQL_1 72 27.3416 1
MYSQL_1 73 5.8 1
MYSQL_1 74 6.448 1
MYSQL_2 0 2.496 1
MYSQL_2 1 0.504 1
MYSQL_2 2 0.7200000000000001 1
MYSQL_2 3 3.0856 1
MYSQL_2 4 0.576 1
MYSQL_2 5 0.8 1
MYSQL_2 6 3.9520000000000004 1
MYSQL_2 7 0.7448 1
MYSQL_2 8 1.0384 1
MYSQL_2 9 4.9256 1
MYSQL_2 10 0.8351999999999999 1
MYSQL_2 11 1.1968 1
MYSQL_2 12 5.7792 1
MYSQL_2 13 1.0184 1
MYSQL_2 14 1.2936 1
MYSQL_2 15 4.3624 1
MYSQL_2 16 0.7904 1
MYSQL_2 17 1.0912 1
MYSQL_2 18 4.784000000000001 1
MYSQL_2 19 0.8664 1
MYSQL_2 20 1.1256 1
MYSQL_2 21 5.676000000000001 1
MYSQL_2 22 1.056 1
MYSQL_2 23 1.3376000000000001 1
MYSQL_2 24 6.656000000000001 1
MYSQL_2 25 1.2000000000000002 1
MYSQL_2 26 1.564 1
MYSQL_2 27 7.7672 1
MYSQL_2 28 1.4784 1
MYSQL_2 29 1.7296 1
MYSQL_2 30 7.4976 1
MYSQL_2 31 1.3776 1
MYSQL_2 32 1.5456 1
MYSQL_2 33 7.9648 1
MYSQL_2 34 1.3920000000000001 1
MYSQL_2 35 1.6296 1
MYSQL_2 36 8.908 1
MYSQL_2 37 1.536 1
MYSQL_2 38 1.7808 1
MYSQL_2 39 9.9264 1
MYSQL_2 40 1.6800000000000002 1
MYSQL_2 41 2.024 1
MYSQL_2 42 10.794400000000001 1
MYSQL_2 43 1.8239999999999998 1
MYSQL_2 44 2.1824 1
MYSQL_2 45 14.3448 1
MYSQL_2 46 2.4000000000000004 1
MYSQL_2 47 2.688 1
MYSQL_2 48 15.0912 1
MYSQL_2 49 2.4800000000000004 1
MYSQL_2 50 2.772 1
MYSQL_2 51 15.912 1
MYSQL_2 52 2.4928 1
MYSQL_2 53 3.0624 1
MYSQL_2 54 17.236800000000002 1
MYSQL_2 55 2.9063999999999997 1
MYSQL_2 56 3.2208 1
MYSQL_2 57 17.6472 1
MYSQL_2 58 3.0576 1
MYSQL_2 59 3.3792 1
MYSQL_2 60 21.859199999999998 1
MYSQL_2 61 3.3136 1
MYSQL_2 62 3.8303999999999996 1
MYSQL_2 63 22.556800000000003 1
MYSQL_2 64 3.7464 1
MYSQL_2 65 3.9144 1
MYSQL_2 66 23.691200000000002 1
MYSQL_2 67 3.5263999999999998 1
MYSQL_2 68 4.2592 1
MYSQL_2 69 24.656 1
MYSQL_2 70 3.8560000000000003 1
MYSQL_2 71 4.216799999999999 1
MYSQL_2 72 25.047200000000004 1
MYSQL_2 73 4.0 1
MYSQL_2 74 4.5760000000000005 1
MYSQL_3 0 12.518399999999998 1
MYSQL_3 1 2.828 1
MYSQL_3 2 3.8520000000000003 1
MYSQL_3 3 14.685599999999999 1
MYSQL_3 4 3.232 1
MYSQL_3 5 4.28 1
MYSQL_3 6 19.2128 1
MYSQL_3 7 3.92 1
MYSQL_3 8 5.0976 1
MYSQL_3 9 23.7632 1
MYSQL_3 10 4.64 1
MYSQL_3 11 5.8752 1
MYSQL_3 12 28.268800000000002 1
MYSQL_3 13 5.4672 1
MYSQL_3 14 6.652800000000001 1
MYSQL_3 15 20.8936 1
MYSQL_3 16 4.368 1
MYSQL_3 17 5.5552 1
MYSQL_3 18 23.5152 1
MYSQL_3 19 4.8792 1
MYSQL_3 20 5.949600000000001 1
MYSQL_3 21 27.984000000000005 1
MYSQL_3 22 5.596800000000001 1
MYSQL_3 23 6.748800000000001 1
MYSQL_3 24 32.9728 1
MYSQL_3 25 6.42 1
MYSQL_3 26 7.6160000000000005 1
MYSQL_3 27 37.2008 1
MYSQL_3 28 7.1904 1
MYSQL_3 29 8.4224 1
MYSQL_3 30 36.295199999999994 1
MYSQL_3 31 7.0192 1
MYSQL_3 32 8.1696 1
MYSQL_3 33 38.5472 1
MYSQL_3 34 7.3776 1
MYSQL_3 35 8.536 1
MYSQL_3 36 43.588 1
MYSQL_3 37 8.1408 1
MYSQL_3 38 9.328000000000001 1
MYSQL_3 39 47.977599999999995 1
MYSQL_3 40 9.156 1
MYSQL_3 41 10.212 1
MYSQL_3 42 52.406400000000005 1
MYSQL_3 43 9.7584 1
MYSQL_3 44 10.912 1
MYSQL_3 45 71.8352 1
MYSQL_3 46 12.84 1
MYSQL_3 47 14.208000000000002 1
MYSQL_3 48 72.23039999999999 1
MYSQL_3 49 13.392000000000001 1
MYSQL_3 50 14.388 1
MYSQL_3 51 79.56 1
MYSQL_3 52 13.9072 1
MYSQL_3 53 15.312000000000001 1
MYSQL_3 54 81.5184 1
MYSQL_3 55 14.808800000000002 1
MYSQL_3 56 16.396800000000002 1
MYSQL_3 57 86.184 1
MYSQL_3 58 15.579200000000002 1
MYSQL_3 59 17.0496 1
MYSQL_3 60 103.1688 1
MYSQL_3 61 18.660800000000002 1
MYSQL_3 62 20.4288 1
MYSQL_3 63 108.2048 1
MYSQL_3 64 18.9104 1
MYSQL_3 65 20.690400000000004 1
MYSQL_3 66 110.6768 1
MYSQL_3 67 20.2304 1
MYSQL_3 68 21.489600000000003 1
MYSQL_3 69 114.81599999999999 1
MYSQL_3 70 20.822400000000002 1
MYSQL_3 71 22.2888 1
MYSQL_3 72 119.69120000000001 1
MYSQL_3 73 21.8 1
MYSQL_3 74 22.880000000000003 1
MYSQL_4 0 12.0 1
MYSQL_4 1 2.604 1
MYSQL_4 2 3.6 1
MYSQL_4 3 14.5232 1
MYSQL_4 4 2.9120000000000004 1
MYSQL_4 5 3.92 1
MYSQL_4 6 19.1216 1
MYSQL_4 7 3.5672 1
MYSQL_4 8 4.6255999999999995 1
MYSQL_4 9 23.6128 1
MYSQL_4 10 4.176 1
MYSQL_4 11 5.3312 1
MYSQL_4 12 28.268800000000002 1
MYSQL_4 13 4.9312000000000005 1
MYSQL_4 14 6.0368 1
MYSQL_4 15 20.663999999999998 1
MYSQL_4 16 3.9936 1
MYSQL_4 17 5.1088000000000005 1
MYSQL_4 18 23.1472 1
MYSQL_4 19 4.377599999999999 1
MYSQL_4 20 5.413600000000001 1
MYSQL_4 21 28.028000000000002 1
MYSQL_4 22 5.016 1
MYSQL_4 23 6.1408000000000005 1
MYSQL_4 24 32.102399999999996 1
MYSQL_4 25 5.9399999999999995 1
MYSQL_4 26 7.004 1
MYSQL_4 27 36.675200000000004 1
MYSQL_4 28 6.6528 1
MYSQL_4 29 7.6704 1
MYSQL_4 30 35.9544 1
MYSQL_4 31 6.363199999999999 1
MYSQL_4 32 7.5072 1
MYSQL_4 33 38.1216 1
MYSQL_4 34 6.612 1
MYSQL_4 35 7.8376 1
MYSQL_4 36 42.772 1
MYSQL_4 37 7.449599999999999 1
MYSQL_4 38 8.48 1
MYSQL_4 39 47.45119999999999 1
MYSQL_4 40 8.484 1
MYSQL_4 41 9.383999999999999 1
MYSQL_4 42 51.912 1
MYSQL_4 43 8.755199999999999 1
MYSQL_4 44 10.0192 1
MYSQL_4 45 70.8344 1
MYSQL_4 46 11.76 1
MYSQL_4 47 13.056000000000001 1
MYSQL_4 48 72.46079999999999 1
MYSQL_4 49 12.028 1
MYSQL_4 50 13.068 1
MYSQL_4 51 76.7448 1
MYSQL_4 52 12.463999999999999 1
MYSQL_4 53 14.0592 1
MYSQL_4 54 81.3888 1
MYSQL_4 55 13.5632 1
MYSQL_4 56 14.7864 1
MYSQL_4 57 85.5 1
MYSQL_4 58 14.2688 1
MYSQL_4 59 15.5136 1
MYSQL_4 60 104.9904 1
MYSQL_4 61 16.7424 1
MYSQL_4 62 18.604799999999997 1
MYSQL_4 63 106.848 1
MYSQL_4 64 17.4832 1
MYSQL_4 65 18.64 1
MYSQL_4 66 111.9144 1
MYSQL_4 67 18.0032 1
MYSQL_4 68 19.5536 1
MYSQL_4 69 114.81599999999999 1
MYSQL_4 70 19.0872 1
MYSQL_4 71 20.2808 1
MYSQL_4 72 120.26480000000001 1
MYSQL_4 73 19.4 1
MYSQL_4 74 21.216 1
MYSQL 0 10.655999999999999 1
MYSQL 1 2.856 1
MYSQL 2 3.8880000000000003 1
MYSQL 3 12.690399999999999 1
MYSQL 4 3.168 1
MYSQL 5 4.24 1
MYSQL 6 17.0848 1
MYSQL 7 3.9592 1
MYSQL 8 4.9559999999999995 1
MYSQL 9 20.830399999999997 1
MYSQL 10 4.5935999999999995 1
MYSQL 11 5.712000000000001 1
MYSQL 12 24.595200000000002 1
MYSQL 13 5.413600000000001 1
MYSQL 14 6.5296 1
MYSQL 15 18.4008 1
MYSQL 16 4.5760000000000005 1
MYSQL 17 5.5056 1
MYSQL 18 19.9456 1
MYSQL 19 4.8792 1
MYSQL 20 5.8424000000000005 1
MYSQL 21 24.112000000000005 1
MYSQL 22 5.6496 1
MYSQL 23 6.688000000000001 1
MYSQL 24 29.081599999999998 1
MYSQL 25 6.42 1
MYSQL 26 7.48 1
MYSQL 27 33.346399999999996 1
MYSQL 28 7.1232 1
MYSQL 29 8.1968 1
MYSQL 30 31.0128 1
MYSQL 31 7.0848 1
MYSQL 32 8.1696 1
MYSQL 33 33.44 1
MYSQL 34 7.4472000000000005 1
MYSQL 35 8.3808 1
MYSQL 36 37.535999999999994 1
MYSQL 37 7.9872 1
MYSQL 38 9.1584 1
MYSQL 39 41.435199999999995 1
MYSQL 40 8.988000000000001 1
MYSQL 41 9.844 1
MYSQL 42 46.0616 1
MYSQL 43 9.7584 1
MYSQL 44 10.713600000000001 1
MYSQL 45 63.606399999999994 1
MYSQL 46 12.96 1
MYSQL 47 13.952000000000002 1
MYSQL 48 63.1296 1
MYSQL 49 13.144000000000002 1
MYSQL 50 14.256 1
MYSQL 51 71.1144 1
MYSQL 52 14.0384 1
MYSQL 53 15.1728 1
MYSQL 54 74.7792 1
MYSQL 55 14.9472 1
MYSQL 56 15.957600000000001 1
MYSQL 57 79.0704 1
MYSQL 58 15.433600000000002 1
MYSQL 59 16.5888 1
MYSQL 60 96.5448 1
MYSQL 61 19.009600000000002 1
MYSQL 62 20.064 1
MYSQL 63 99.0464 1
MYSQL 64 18.9104 1
MYSQL 65 20.131200000000003 1
MYSQL 66 101.8368 1
MYSQL 67 19.8592 1
MYSQL 68 21.1024 1
MYSQL 69 105.616 1
MYSQL 70 20.4368 1
MYSQL 71 22.088 1
MYSQL 72 104.96880000000002 1
MYSQL 73 21.0 1
MYSQL 74 22.464000000000002 1
MD5CPU 0 1.4976 1
MD5CPU 1 2.268 1
MD5CPU 2 2.7720000000000002 1
MD5CPU 3 1.7399999999999998 1
MD5CPU 4 2.4960000000000004 1
MD5CPU 5 3.08 1
MD5CPU 6 2.3408 1
MD5CPU 7 3.0968 1
MD5CPU 8 3.6816 1
MD5CPU 9 2.9704 1
MD5CPU 10 3.6656 1
MD5CPU 11 4.243200000000001 1
MD5CPU 12 3.4944000000000006 1
MD5CPU 13 4.234400000000001 1
MD5CPU 14 4.7432 1
MD5CPU 15 2.7223999999999995 1
MD5CPU 16 3.2032000000000003 1
MD5CPU 17 3.6704 1
MD5CPU 18 2.7232000000000003 1
MD5CPU 19 3.3743999999999996 1
MD5CPU 20 3.9128000000000003 1
MD5CPU 21 3.3000000000000003 1
MD5CPU 22 3.9072 1
MD5CPU 23 4.6816 1
MD5CPU 24 3.8912 1
MD5CPU 25 4.4399999999999995 1
MD5CPU 26 5.032 1
MD5CPU 27 4.4384 1
MD5CPU 28 4.972799999999999 1
MD5CPU 29 5.489599999999999 1
MD5CPU 30 4.1464 1
MD5CPU 31 4.9856 1
MD5CPU 32 5.5200000000000005 1
MD5CPU 33 4.4384 1
MD5CPU 34 5.1504 1
MD5CPU 35 5.587199999999999 1
MD5CPU 36 5.032 1
MD5CPU 37 5.683199999999999 1
MD5CPU 38 6.2752 1
MD5CPU 39 5.5648 1
MD5CPU 40 6.300000000000001 1
MD5CPU 41 7.084 1
MD5CPU 42 6.3448 1
MD5CPU 43 6.84 1
MD5CPU 44 7.2416 1
MD5CPU 45 8.2288 1
MD5CPU 46 8.879999999999999 1
MD5CPU 47 9.728000000000002 1
MD5CPU 48 8.7552 1
MD5CPU 49 9.3 1
MD5CPU 50 10.427999999999999 1
MD5CPU 51 9.3024 1
MD5CPU 52 10.1024 1
MD5CPU 53 10.7184 1
MD5CPU 54 9.8496 1
MD5CPU 55 10.2416 1
MD5CPU 56 11.1264 1
MD5CPU 57 10.5336 1
MD5CPU 58 10.92 1
MD5CPU 59 11.8272 1
MD5CPU 60 12.751199999999999 1
MD5CPU 61 13.2544 1
MD5CPU 62 13.68 1
MD5CPU 63 12.889600000000002 1
MD5CPU 64 13.5584 1
MD5CPU 65 14.166400000000001 1
MD5CPU 66 13.26 1
MD5CPU 67 14.2912 1
MD5CPU 68 14.7136 1
MD5CPU 69 13.799999999999999 1
MD5CPU 70 14.2672 1
MD5CPU 71 15.461599999999999 1
MD5CPU 72 14.7224 1
MD5CPU 73 14.8 1
MD5CPU 74 15.808000000000002 1
7ZBENCH 0 5.0496 1
7ZBENCH 1 7.055999999999999 1
7ZBENCH 2 9.144 1
7ZBENCH 3 6.426399999999999 1
7ZBENCH 4 8.672 1
7ZBENCH 5 10.84 1
7ZBENCH 6 8.5424 1
7ZBENCH 7 10.7016 1
7ZBENCH 8 12.6968 1
7ZBENCH 9 10.6032 1
7ZBENCH 10 12.6672 1
7ZBENCH 11 14.742400000000002 1
7ZBENCH 12 12.633600000000001 1
7ZBENCH 13 14.686400000000003 1
7ZBENCH 14 16.8168 1
7ZBENCH 15 3.7719999999999994 1
7ZBENCH 16 4.2016 1
7ZBENCH 17 4.96 1
7ZBENCH 18 4.0112000000000005 1
7ZBENCH 19 4.6968 1
7ZBENCH 20 5.413600000000001 1
7ZBENCH 21 4.5760000000000005 1
7ZBENCH 22 5.5440000000000005 1
7ZBENCH 23 6.2016 1
7ZBENCH 24 6.0416 1
7ZBENCH 25 6.18 1
7ZBENCH 26 6.867999999999999 1
7ZBENCH 27 6.4824 1
7ZBENCH 28 7.1232 1
7ZBENCH 29 7.7456 1
7ZBENCH 30 3.9759999999999995 1
7ZBENCH 31 4.1328 1
7ZBENCH 32 4.857600000000001 1
7ZBENCH 33 4.3168 1
7ZBENCH 34 4.524 1
7ZBENCH 35 4.8111999999999995 1
7ZBENCH 36 4.488 1
7ZBENCH 37 4.992 1
7ZBENCH 38 5.2576 1
7ZBENCH 39 5.339199999999999 1
7ZBENCH 40 5.712000000000001 1
7ZBENCH 41 5.795999999999999 1
7ZBENCH 42 6.0976 1
7ZBENCH 43 6.292799999999999 1
7ZBENCH 44 6.3488 1
7ZBENCH 45 6.783199999999999 1
7ZBENCH 46 6.0 1
7ZBENCH 47 6.5280000000000005 1
7ZBENCH 48 6.566399999999999 1
7ZBENCH 49 6.324000000000001 1
7ZBENCH 50 6.335999999999999 1
7ZBENCH 51 6.12 1
7ZBENCH 52 6.297599999999999 1
7ZBENCH 53 6.5424 1
7ZBENCH 54 6.3504000000000005 1
7ZBENCH 55 6.92 1
7ZBENCH 56 7.0272 1
7ZBENCH 57 7.2504 1
7ZBENCH 58 6.8431999999999995 1
7ZBENCH 59 7.3728 1
7ZBENCH 60 10.929599999999999 1
7ZBENCH 61 8.72 1
7ZBENCH 62 9.6672 1
7ZBENCH 63 9.8368 1
7ZBENCH 64 9.812000000000001 1
7ZBENCH 65 8.9472 1
7ZBENCH 66 9.5472 1
7ZBENCH 67 8.9088 1
7ZBENCH 68 9.0992 1
7ZBENCH 69 11.223999999999998 1
7ZBENCH 70 9.64 1
7ZBENCH 71 9.638399999999999 1
7ZBENCH 72 11.8544 1
7ZBENCH 73 9.8 1
7ZBENCH 74 9.984 1
CNN 0 12.2112 1
CNN 1 18.06 1
CNN 2 22.788 1
CNN 3 14.731999999999998 1
CNN 4 20.256 1
CNN 5 25.44 1
CNN 6 19.2736 1
CNN 7 24.892 1
CNN 8 29.877599999999997 1
CNN 9 23.7632 1
CNN 10 29.5104 1
CNN 11 34.3808 1
CNN 12 28.403200000000002 1
CNN 13 33.9288 1
CNN 14 38.9928 1
CNN 15 11.808 1
CNN 16 15.1008 1
CNN 17 17.856 1
CNN 18 13.248000000000001 1
CNN 19 16.461599999999997 1
CNN 20 19.1352 1
CNN 21 15.796000000000001 1
CNN 22 18.8496 1
CNN 23 21.827199999999998 1
CNN 24 18.3296 1
CNN 25 21.48 1
CNN 26 24.344 1
CNN 27 21.024 1
CNN 28 24.124799999999997 1
CNN 29 26.846399999999996 1
CNN 30 13.6888 1
CNN 31 15.8096 1
CNN 32 17.8112 1
CNN 33 14.591999999999999 1
CNN 34 16.773600000000002 1
CNN 35 18.624 1
CNN 36 16.456 1
CNN 37 18.5088 1
CNN 38 20.267200000000003 1
CNN 39 18.1984 1
CNN 40 20.244000000000003 1
CNN 41 22.08 1
CNN 42 19.858400000000003 1
CNN 43 21.887999999999998 1
CNN 44 23.7088 1
CNN 45 23.240799999999997 1
CNN 46 24.599999999999998 1
CNN 47 26.112000000000002 1
CNN 48 23.500799999999998 1
CNN 49 25.171999999999997 1
CNN 50 26.927999999999997 1
CNN 51 24.9696 1
CNN 52 26.764799999999997 1
CNN 53 28.257599999999996 1
CNN 54 26.567999999999998 1
CNN 55 28.2336 1
CNN 56 29.5728 1
CNN 57 27.9072 1
CNN 58 29.5568 1
CNN 59 31.3344 1
CNN 60 38.4192 1
CNN 61 36.624 1
CNN 62 39.3984 1
CNN 63 36.2944 1
CNN 64 37.999199999999995 1
CNN 65 39.5168 1
CNN 66 37.3048 1
CNN 67 39.16159999999999 1
CNN 68 41.0432 1
CNN 69 39.007999999999996 1
CNN 70 40.8736 1
CNN 71 42.36879999999999 1
CNN 72 40.534400000000005 1
CNN 73 42.400000000000006 1
CNN 74 43.888 1
GAN 0 2.3232 1
GAN 1 3.08 1
GAN 2 3.8520000000000003 1
GAN 3 2.1344 1
GAN 4 2.8480000000000003 1
GAN 5 3.52 1
GAN 6 2.6448 1
GAN 7 3.4104 1
GAN 8 4.1064 1
GAN 9 3.2335999999999996 1
GAN 10 4.0367999999999995 1
GAN 11 4.7328 1
GAN 12 3.8976 1
GAN 13 4.7168 1
GAN 14 5.3592 1
GAN 15 2.952 1
GAN 16 3.2448 1
GAN 17 3.6704 1
GAN 18 2.0240000000000005 1
GAN 19 2.4624 1
GAN 20 2.8408 1
GAN 21 2.2880000000000003 1
GAN 22 2.7456 1
GAN 23 3.1616 1
GAN 24 2.6624000000000003 1
GAN 25 3.06 1
GAN 26 3.536 1
GAN 27 3.0952 1
GAN 28 3.4272 1
GAN 29 3.8352 1
GAN 30 4.6008000000000004 1
GAN 31 4.3296 1
GAN 32 4.4896 1
GAN 33 2.6144 1
GAN 34 2.9232 1
GAN 35 3.1815999999999995 1
GAN 36 2.788 1
GAN 37 3.1487999999999996 1
GAN 38 3.3920000000000003 1
GAN 39 3.0831999999999997 1
GAN 40 3.3600000000000003 1
GAN 41 3.6799999999999997 1
GAN 42 3.2960000000000003 1
GAN 43 3.7391999999999994 1
GAN 44 3.968 1
GAN 45 9.3408 1
GAN 46 7.5600000000000005 1
GAN 47 7.936 1
GAN 48 4.608 1
GAN 49 4.836 1
GAN 50 5.016 1
GAN 51 4.7736 1
GAN 52 4.8544 1
GAN 53 5.2896 1
GAN 54 4.9248 1
GAN 55 5.3976 1
GAN 56 5.5632 1
GAN 57 5.1984 1
GAN 58 5.5328 1
GAN 59 5.8368 1
GAN 60 14.241599999999998 1
GAN 61 12.5568 1
GAN 62 11.673599999999999 1
GAN 63 6.9536 1
GAN 64 6.9576 1
GAN 65 7.456 1
GAN 66 7.072 1
GAN 67 7.2383999999999995 1
GAN 68 7.3568 1
GAN 69 7.175999999999999 1
GAN 70 7.5192000000000005 1
GAN 71 7.6304 1
GAN 72 7.4568 1
GAN 73 7.800000000000001 1
GAN 74 8.112 1
FFMPEG 0 13.1328 1
FFMPEG 1 18.872 1
FFMPEG 2 24.588 1
FFMPEG 3 15.775999999999998 1
FFMPEG 4 21.376 1
FFMPEG 5 26.68 1
FFMPEG 6 20.2464 1
FFMPEG 7 26.068 1
FFMPEG 8 31.340799999999998 1
FFMPEG 9 25.192 1
FFMPEG 10 30.7168 1
FFMPEG 11 36.284800000000004 1
FFMPEG 12 29.836800000000004 1
FFMPEG 13 35.644000000000005 1
FFMPEG 14 40.964000000000006 1
FFMPEG 15 11.348799999999999 1
FFMPEG 16 14.3104 1
FFMPEG 17 17.0624 1
FFMPEG 18 12.696000000000002 1
FFMPEG 19 15.640799999999999 1
FFMPEG 20 18.492 1
FFMPEG 21 15.136000000000001 1
FFMPEG 22 18.110400000000002 1
FFMPEG 23 20.9152 1
FFMPEG 24 17.6128 1
FFMPEG 25 20.580000000000002 1
FFMPEG 26 23.324 1
FFMPEG 27 20.0896 1
FFMPEG 28 23.0496 1
FFMPEG 29 25.7936 1
FFMPEG 30 11.075999999999999 1
FFMPEG 31 12.660799999999998 1
FFMPEG 32 14.2048 1
FFMPEG 33 11.734399999999999 1
FFMPEG 34 13.363199999999999 1
FFMPEG 35 14.899199999999999 1
FFMPEG 36 13.123999999999999 1
FFMPEG 37 14.822399999999998 1
FFMPEG 38 16.2816 1
FFMPEG 39 14.588799999999999 1
FFMPEG 40 16.044 1
FFMPEG 41 17.663999999999998 1
FFMPEG 42 15.9856 1
FFMPEG 43 17.510399999999997 1
FFMPEG 44 19.145599999999998 1
FFMPEG 45 20.905599999999996 1
FFMPEG 46 22.44 1
FFMPEG 47 24.192 1
FFMPEG 48 21.6576 1
FFMPEG 49 23.311999999999998 1
FFMPEG 50 24.684 1
FFMPEG 51 23.133599999999998 1
FFMPEG 52 24.5344 1
FFMPEG 53 26.1696 1
FFMPEG 54 24.3648 1
FFMPEG 55 26.019199999999998 1
FFMPEG 56 27.376800000000003 1
FFMPEG 57 25.7184 1
FFMPEG 58 27.372799999999998 1
FFMPEG 59 28.876799999999996 1
FFMPEG 60 28.151999999999997 1
FFMPEG 61 29.299200000000003 1
FFMPEG 62 30.643199999999997 1
FFMPEG 63 28.832 1
FFMPEG 64 30.1496 1
FFMPEG 65 31.5016 1
FFMPEG 66 29.879199999999997 1
FFMPEG 67 31.180799999999998 1
FFMPEG 68 32.5248 1
FFMPEG 69 31.279999999999998 1
FFMPEG 70 32.3904 1
FFMPEG 71 33.734399999999994 1
FFMPEG 72 32.3128 1
FFMPEG 73 33.6 1
FFMPEG 74 34.736 1
7ZBENCH2 0 2.3232 1
7ZBENCH2 1 3.36 1
7ZBENCH2 2 4.32 1
7ZBENCH2 3 2.9232 1
7ZBENCH2 4 3.776 1
7ZBENCH2 5 4.84 1
7ZBENCH2 6 3.7696 1
7ZBENCH2 7 4.7432 1
7ZBENCH2 8 5.7112 1
7ZBENCH2 9 4.699999999999999 1
7ZBENCH2 10 5.475199999999999 1
7ZBENCH2 11 6.4736 1
7ZBENCH2 12 5.510400000000001 1
7ZBENCH2 13 6.3784 1
7ZBENCH2 14 7.207199999999999 1
7ZBENCH2 15 1.3447999999999998 1
7ZBENCH2 16 1.6640000000000001 1
7ZBENCH2 17 2.0336 1
7ZBENCH2 18 1.5824 1
7ZBENCH2 19 1.8239999999999998 1
7ZBENCH2 20 2.144 1
7ZBENCH2 21 1.8920000000000001 1
7ZBENCH2 22 2.112 1
7ZBENCH2 23 2.4928 1
7ZBENCH2 24 2.4064 1
7ZBENCH2 25 2.52 1
7ZBENCH2 26 2.788 1
7ZBENCH2 27 2.9784 1
7ZBENCH2 28 2.8895999999999997 1
7ZBENCH2 29 3.1584 1
7ZBENCH2 30 1.42 1
7ZBENCH2 31 1.5088 1
7ZBENCH2 32 1.7664 1
7ZBENCH2 33 1.4592 1
7ZBENCH2 34 1.6008 1
7ZBENCH2 35 1.8623999999999998 1
7ZBENCH2 36 1.7 1
7ZBENCH2 37 1.7664 1
7ZBENCH2 38 1.9504000000000001 1
7ZBENCH2 39 1.8047999999999997 1
7ZBENCH2 40 1.9320000000000002 1
7ZBENCH2 41 2.2079999999999997 1
7ZBENCH2 42 2.1424000000000003 1
7ZBENCH2 43 2.0063999999999997 1
7ZBENCH2 44 2.2816 1
7ZBENCH2 45 2.8912 1
7ZBENCH2 46 2.4000000000000004 1
7ZBENCH2 47 2.688 1
7ZBENCH2 48 2.304 1
7ZBENCH2 49 2.3560000000000003 1
7ZBENCH2 50 2.508 1
7ZBENCH2 51 2.6928 1
7ZBENCH2 52 2.4928 1
7ZBENCH2 53 2.5056 1
7ZBENCH2 54 2.7216 1
7ZBENCH2 55 2.4912 1
7ZBENCH2 56 2.6352 1
7ZBENCH2 57 2.5992 1
7ZBENCH2 58 2.7664 1
7ZBENCH2 59 2.9184 1
7ZBENCH2 60 4.6368 1
7ZBENCH2 61 3.3136 1
7ZBENCH2 62 3.8303999999999996 1
7ZBENCH2 63 3.2224000000000004 1
7ZBENCH2 64 3.568 1
7ZBENCH2 65 3.5416000000000003 1
7ZBENCH2 66 3.3592 1
7ZBENCH2 67 3.5263999999999998 1
7ZBENCH2 68 3.872 1
7ZBENCH2 69 3.6799999999999997 1
7ZBENCH2 70 3.6632000000000002 1
7ZBENCH2 71 3.8152 1
7ZBENCH2 72 3.8240000000000003 1
7ZBENCH2 73 4.0 1
7ZBENCH2 74 3.9520000000000004 1
FFMPEG1 0 2.4576 1
FFMPEG1 1 3.5559999999999996 1
FFMPEG1 2 4.6080000000000005 1
FFMPEG1 3 3.0624 1
FFMPEG1 4 4.16 1
FFMPEG1 5 5.16 1
FFMPEG1 6 4.043200000000001 1
FFMPEG1 7 5.096 1
FFMPEG1 8 6.136 1
FFMPEG1 9 5.0008 1
FFMPEG1 10 5.9856 1
FFMPEG1 11 7.017600000000001 1
FFMPEG1 12 6.0032000000000005 1
FFMPEG1 13 7.0216 1
FFMPEG1 14 7.946400000000001 1
FFMPEG1 15 3.9359999999999995 1
FFMPEG1 16 4.8671999999999995 1
FFMPEG1 17 5.852799999999999 1
FFMPEG1 18 4.4528 1
FFMPEG1 19 5.426399999999999 1
FFMPEG1 20 6.2712 1
FFMPEG1 21 5.28 1
FFMPEG1 22 6.1776 1
FFMPEG1 23 7.1136 1
FFMPEG1 24 6.0927999999999995 1
FFMPEG1 25 7.02 1
FFMPEG1 26 8.024 1
FFMPEG1 27 7.0664 1
FFMPEG1 28 7.929599999999999 1
FFMPEG1 29 8.8736 1
FFMPEG1 30 5.0552 1
FFMPEG1 31 5.707199999999999 1
FFMPEG1 32 6.3296 1
FFMPEG1 33 5.4112 1
FFMPEG1 34 6.0552 1
FFMPEG1 35 6.9064 1
FFMPEG1 36 6.052 1
FFMPEG1 37 6.6048 1
FFMPEG1 38 7.3776 1
FFMPEG1 39 6.6928 1
FFMPEG1 40 7.308 1
FFMPEG1 41 8.004 1
FFMPEG1 42 7.416 1
FFMPEG1 43 7.934399999999999 1
FFMPEG1 44 8.6304 1
FFMPEG1 45 8.895999999999999 1
FFMPEG1 46 9.24 1
FFMPEG1 47 9.856000000000002 1
FFMPEG1 48 9.1008 1
FFMPEG1 49 9.548 1
FFMPEG1 50 10.296 1
FFMPEG1 51 9.792000000000002 1
FFMPEG1 52 10.2336 1
FFMPEG1 53 10.7184 1
FFMPEG1 54 10.368000000000002 1
FFMPEG1 55 10.6568 1
FFMPEG1 56 11.2728 1
FFMPEG1 57 10.8072 1
FFMPEG1 58 11.356800000000002 1
FFMPEG1 59 11.9808 1
FFMPEG1 60 13.744799999999998 1
FFMPEG1 61 14.126400000000002 1
FFMPEG1 62 14.591999999999999 1
FFMPEG1 63 14.2464 1
FFMPEG1 64 14.272 1
FFMPEG1 65 15.098400000000002 1
FFMPEG1 66 14.851199999999999 1
FFMPEG1 67 14.847999999999999 1
FFMPEG1 68 15.488 1
FFMPEG1 69 15.455999999999998 1
FFMPEG1 70 15.616800000000001 1
FFMPEG1 71 16.2648 1
FFMPEG1 72 16.252 1
FFMPEG1 73 16.200000000000003 1
FFMPEG1 74 16.848000000000003 1
FFMPEG2 0 13.152 1
FFMPEG2 1 19.179999999999996 1
FFMPEG2 2 24.624 1
FFMPEG2 3 16.008 1
FFMPEG2 4 21.92 1
FFMPEG2 5 27.36 1
FFMPEG2 6 20.7328 1
FFMPEG2 7 26.3032 1
FFMPEG2 8 31.624 1
FFMPEG2 9 25.1544 1
FFMPEG2 10 31.2272 1
FFMPEG2 11 36.3392 1
FFMPEG2 12 30.016000000000005 1
FFMPEG2 13 35.8584 1
FFMPEG2 14 41.272000000000006 1
FFMPEG2 15 11.316 1
FFMPEG2 16 14.435200000000002 1
FFMPEG2 17 17.1616 1
FFMPEG2 18 12.7696 1
FFMPEG2 19 15.8232 1
FFMPEG2 20 18.5456 1
FFMPEG2 21 15.224 1
FFMPEG2 22 18.268800000000002 1
FFMPEG2 23 21.0368 1
FFMPEG2 24 17.7664 1
FFMPEG2 25 20.759999999999998 1
FFMPEG2 26 23.528 1
FFMPEG2 27 20.2648 1
FFMPEG2 28 23.184 1
FFMPEG2 29 26.019199999999998 1
FFMPEG2 30 11.0192 1
FFMPEG2 31 12.792 1
FFMPEG2 32 14.2048 1
FFMPEG2 33 11.856 1
FFMPEG2 34 13.4328 1
FFMPEG2 35 15.0544 1
FFMPEG2 36 13.192 1
FFMPEG2 37 14.822399999999998 1
FFMPEG2 38 16.3664 1
FFMPEG2 39 14.739199999999999 1
FFMPEG2 40 16.296 1
FFMPEG2 41 17.755999999999997 1
FFMPEG2 42 16.3976 1
FFMPEG2 43 17.6928 1
FFMPEG2 44 19.344 1
FFMPEG2 45 21.016799999999996 1
FFMPEG2 46 22.44 1
FFMPEG2 47 24.064 1
FFMPEG2 48 21.6576 1
FFMPEG2 49 23.311999999999998 1
FFMPEG2 50 24.816 1
FFMPEG2 51 23.500799999999998 1
FFMPEG2 52 24.927999999999997 1
FFMPEG2 53 26.1696 1
FFMPEG2 54 24.3648 1
FFMPEG2 55 26.019199999999998 1
FFMPEG2 56 27.376800000000003 1
FFMPEG2 57 25.855199999999996 1
FFMPEG2 58 27.227200000000003 1
FFMPEG2 59 28.876799999999996 1
FFMPEG2 60 28.151999999999997 1
FFMPEG2 61 29.299200000000003 1
FFMPEG2 62 30.825599999999998 1
FFMPEG2 63 28.832 1
FFMPEG2 64 30.1496 1
FFMPEG2 65 31.5016 1
FFMPEG2 66 29.879199999999997 1
FFMPEG2 67 31.180799999999998 1
FFMPEG2 68 32.718399999999995 1
FFMPEG2 69 31.464 1
FFMPEG2 70 32.5832 1
FFMPEG2 71 34.135999999999996 1
FFMPEG2 72 32.3128 1
FFMPEG2 73 33.8 1
FFMPEG2 74 34.944 1
